10015	3
10016	3
10053	3
10059	3
10063	3
10067	3
100948	3
10098	3
10111	3
101506	12
101863	3
10202	3
10215	3
10216	3
102295	4
10385	3
10412	3
10568	3
10592	3
10672	3
10686	3
10709	3
107617	12
107677	6
107707	11
10929	3
109315	3
109333	3
109348	3
109366	6
109390	3
109399	3
109453	3
109474	3
109480	3
10967	3
110023	8
110602	3
110686	6
110728	4
111445	4
111784	8
111928	4
112603	5
112639	6
113626	6
114199	4
114226	7
114325	4
11435	3
114553	8
114595	8
115000	20
11606	3
116308	8
116479	4
11648	3
116560	3
116968	6
117019	6
11744	3
117631	8
117640	5
117754	3
117784	7
11807	3
119287	4
119398	15
11942	3
119452	4
120235	3
120280	5
120748	4
121645	4
121945	6
122929	7
123007	5
123010	4
123016	18
123043	3
123097	5
123145	3
123178	4
123277	4
123280	7
123388	3
123397	5
123418	8
123592	3
123757	3
124210	13
124330	6
124342	3
124369	6
124498	3
124708	3
124900	4
124972	10
125758	8
126406	4
126661	7
126817	14
12697	3
127156	5
127525	10
127729	5
127750	4
127759	9
127810	4
127903	5
128119	3
128191	3
128197	4
128287	4
128359	8
128362	43
128458	4
128461	5
128464	3
128494	9
128518	5
128530	4
128539	3
128554	3
128563	5
128569	4
128602	7
128629	3
128638	4
128647	3
128653	26
128683	3
128698	3
128719	23
128728	8
128740	3
128752	6
128761	4
128788	4
128791	3
128818	4
128860	4
128866	4
128875	4
128881	4
128890	4
128893	4
128902	4
128908	4
128914	4
128917	5
128923	4
128941	4
128983	14
129064	4
1294	6
129472	4
129481	4
129493	4
129499	4
129505	5
129517	4
129526	4
129529	4
129613	4
129643	4
129652	4
130003	5
130057	4
130063	4
130066	4
130159	8
130297	16
130363	4
130519	4
130621	3
130771	5
130867	4
130894	4
130972	4
131248	5
131311	4
131353	5
131443	4
131554	4
131647	5
131893	6
131905	4
132025	5
132082	4
13209	3
132265	8
132328	4
132571	4
132736	5
132802	6
132946	4
133804	5
133924	12
13431	3
134548	4
134746	5
134959	6
135562	21
135574	4
136255	4
13636	3
136606	4
137305	13
137689	4
137929	6
138067	4
138154	3
138544	5
13911	3
139165	9
139426	4
13956	3
139588	16
139660	4
140575	4
140635	2
140659	9
140686	3
140695	11
140701	2
140725	4
140818	3
140842	4
140857	2
140950	4
141358	10
141364	5
141373	4
141619	5
141676	4
142540	4
142606	4
142687	4
143077	4
14314	3
143395	4
143422	7
143452	4
143539	4
143581	8
143752	6
144301	4
144349	4
14445	3
144466	4
14447	3
145681	4
145786	6
14583	3
146299	8
146302	9
146530	7
146890	5
147064	4
147106	4
147145	4
147163	4
147169	4
147448	4
148108	4
148141	6
14815	3
148156	8
148174	4
148210	6
148213	4
148834	12
148879	8
14899	3
149149	9
149251	4
14942	3
149455	4
14954	3
14955	3
149560	4
14985	3
150460	4
150511	4
150514	4
150616	4
150709	4
150733	9
150841	4
15089	3
151216	3
151261	2
151297	14
15139	3
151408	4
151462	4
151693	4
151906	6
151918	4
151936	6
152068	3
152557	7
152605	4
152659	5
152686	5
152821	4
152833	4
152851	3
152869	4
15290	3
152956	6
152992	2
153247	4
153277	4
15336	3
153409	4
153430	13
153937	4
153985	6
15411	3
154219	4
154222	4
154255	5
154300	4
154714	4
15482	3
155854	14
155983	6
156046	4
156436	13
15645	3
158656	4
158908	5
159163	4
159481	9
159727	4
15974	3
159880	22
160198	4
16029	3
160300	6
16031	3
16032	3
160396	7
160522	4
160663	2
160882	4
16097	3
161008	13
161104	4
161236	5
161344	4
16159	3
161653	4
162232	2
162532	4
162796	8
163213	4
163357	9
163546	4
163570	4
16365	3
163771	5
164086	4
164158	18
164224	4
16572	6
165784	4
165865	4
165874	14
166006	4
166312	7
166375	5
166804	4
166813	5
166957	4
16708	3
167188	4
167221	6
167272	4
167302	4
16766	3
167824	4
168313	4
168460	8
168625	8
168739	9
16876	3
168937	9
168958	14
169030	8
169402	4
169417	4
169714	6
169723	6
169732	7
169813	16
1701	3
170260	4
170659	4
170917	4
17153	3
171568	13
172375	5
172378	5
17268	3
173155	4
173173	7
173251	4
173380	4
173554	14
173587	7
17359	3
173860	7
174400	5
17443	3
174754	6
17490	3
174922	4
175687	4
175777	5
175933	6
176455	6
176458	5
176740	4
176827	5
176863	7
177325	4
17737	3
177733	6
178012	7
178321	5
178471	4
178474	4
178777	4
178957	4
178999	6
179212	4
179257	4
179401	6
179431	4
179503	4
179707	4
179728	6
17998	3
180061	4
180100	10
180325	5
180640	4
180811	4
18083	3
180847	4
180976	4
181186	4
181273	4
181276	4
181279	8
181579	6
181996	4
18245	3
182725	4
182809	4
183178	4
183379	6
184105	5
184156	4
184444	6
184468	11
184846	4
185020	4
186154	7
186397	4
186580	6
186634	6
187642	9
18803	3
18890	3
189061	20
189103	6
18965	3
190276	4
19151	6
19245	3
193141	4
193894	5
195148	4
195544	4
19562	3
195727	4
195787	8
196591	6
19921	3
199606	8
19974	3
199984	5
20027	7
200767	4
200818	4
202357	8
20339	3
20373	3
20382	3
204067	4
20466	3
204913	7
20508	3
20543	4
207283	7
207421	4
207625	5
20952	3
209548	4
21001	3
210142	8
21071	3
21096	3
211651	4
21174	3
215062	4
21720	3
21891	3
21898	3
21918	3
221776	4
223420	8
22389	3
22440	3
22453	3
22459	3
22469	3
22475	3
22484	3
22502	3
22509	3
22735	3
22741	3
22757	3
23353	3
23374	3
235012	17
235336	4
237124	6
238828	12
239932	20
242254	17
242665	6
243082	9
24355	3
244126	7
244441	8
245	3
245143	15
245617	5
245704	7
245866	11
246	3
246208	13
246472	5
246556	7
246613	6
24664	3
246685	4
246727	5
246739	5
247	3
247429	6
247486	16
248065	10
248281	5
248671	4
249163	4
249481	6
249541	6
249781	6
249826	6
250579	16
250951	7
251098	6
251707	5
251953	5
252604	9
256174	7
259666	6
260323	8
262147	5
263431	8
263467	7
264880	10
265642	10
267217	4
267301	21
26743	3
267958	11
269188	14
26947	3
26968	3
270421	23
270433	6
270988	7
272770	6
274036	29
275092	9
275740	14
275872	15
276328	12
276382	9
278503	7
280300	7
280561	58
281221	9
281656	12
282892	11
283603	6
284398	4
284875	6
28543	3
28687	3
288286	7
289306	9
290509	11
290692	7
291502	29
292003	9
292807	7
292870	10
293170	6
293203	7
294724	13
294739	5
294958	22
295009	13
295237	10
295273	19
295291	17
296095	8
297400	8
297988	7
298369	7
298456	10
300169	7
301486	6
301594	4
301696	9
302014	14
302233	8
303577	10
304582	4
305767	9
305899	6
306175	4
306379	5
306637	10
306679	8
306859	16
306874	8
307153	6
307264	7
307912	5
308857	11
3090	3
3092	3
309559	7
310282	4
310456	12
310771	13
310825	10
310912	7
3118	3
311920	6
312058	8
312199	8
312217	8
312520	6
312685	12
312754	13
313150	9
313189	5
313303	5
313771	7
314311	5
314614	9
315217	36
316612	4
317329	6
317650	6
317758	8
318175	5
318349	8
320047	15
32032	3
320425	9
321016	12
32167	3
323722	8
324673	13
324937	9
324961	8
325513	8
325870	9
329578	4
330574	6
331255	20
332497	8
332668	8
333874	9
335860	6
336292	6
337846	10
338572	9
339241	7
341527	6
342394	6
342655	5
344986	4
345106	8
345376	17
345628	13
345733	10
346072	8
346534	7
346768	10
347062	8
349945	12
351049	8
351331	8
35140	3
352684	8
353680	9
354244	8
354511	10
354868	10
355696	7
359482	7
360055	6
361510	16
361999	6
362038	10
36229	10
36331	4
363667	9
364729	5
364852	5
365365	6
365716	7
365839	6
366133	7
366403	8
366604	8
36754	3
367909	10
368452	8
370537	5
370711	6
370849	30
37120	3
371383	5
372943	7
373102	8
373291	7
373627	8
373708	24
373795	9
374188	7
374917	10
37534	3
375343	13
375526	17
375970	9
376159	7
376639	8
376735	5
377098	39
377542	8
37780	7
378175	7
378379	7
379297	8
379615	10
379741	7
379813	8
379933	4
380344	23
380389	36
380539	6
380707	8
380716	9
381145	8
381178	5
381514	10
381799	4
382288	4
38233	3
382381	8
382417	12
382441	16
382492	12
382564	6
382651	7
382798	6
382900	8
382954	9
383389	8
383563	6
384028	6
384481	9
384499	4
384664	26
385591	6
386131	7
386224	7
386557	8
386647	12
386704	11
386962	6
386965	8
386971	4
386986	5
387031	7
387091	7
387106	6
387139	7
387652	6
387679	7
387784	6
387847	8
388000	5
388483	14
389011	7
389140	8
389155	6
389233	7
389251	7
389458	4
389551	9
389668	5
389911	8
39013	3
390193	7
390343	9
390511	7
390649	7
390709	7
390943	6
391051	8
391162	13
391171	8
391192	7
391237	7
391294	9
391372	7
391591	7
391660	7
392476	10
392764	4
392767	5
392821	7
393586	7
393658	34
394210	7
394234	8
395122	9
395284	9
396469	6
396580	4
39667	3
397021	5
397042	4
397057	5
398254	5
398683	13
398917	9
400384	6
40048	5
401026	8
401452	8
402127	5
402169	7
402634	12
402997	6
403789	11
404275	10
404368	10
40522	9
405373	4
405934	4
406510	4
407227	6
407707	11
407938	5
408160	5
408199	11
408208	10
408529	41
408961	9
411196	4
411913	5
412438	7
41317	3
41353	3
414538	4
414670	5
41509	3
415534	6
416320	11
416500	5
416629	14
416632	7
416656	5
416818	9
416857	10
417595	5
418075	4
418126	6
418156	5
420358	4
42055	3
421072	4
421204	7
421219	5
421648	4
421708	4
422989	5
423037	5
423283	4
423505	11
423877	5
423886	5
424120	6
424363	6
424750	4
424894	22
424927	6
424969	5
42505	3
425692	7
425740	4
425920	4
425995	4
427333	6
427729	6
427741	4
428353	7
428422	4
428614	6
428782	4
428851	5
428977	17
429781	20
430372	3
43045	8
430450	8
431326	4
431422	11
431794	5
431917	18
432073	7
432115	4
432127	11
432379	4
432427	5
432478	10
432640	6
432778	5
432943	9
433120	4
433396	4
433501	6
433519	5
433582	5
433621	6
433690	5
434029	11
434329	4
434482	4
434587	21
434890	4
434992	11
435094	5
435196	6
435487	7
436021	7
436249	4
436285	7
436432	8
436489	8
436678	4
436765	4
437728	27
438517	6
438838	4
44071	9
44308	3
44413	4
44554	3
44602	6
44611	3
44614	3
44626	3
44656	3
44689	3
45595	3
46063	3
47206	6
4780	3
48073	3
48607	3
48997	3
50041	3
51094	3
5116	3
52027	4
52363	3
53833	3
5402	3
54121	3
54577	3
54712	3
55303	8
5698	3
57307	4
58426	3
58552	3
59749	3
60121	4
61456	3
6188	3
62398	3
62722	3
6301	3
6384	3
6405	3
6406	3
6410	6
6412	3
6416	6
6524	3
66010	7
6644	3
66583	3
6688	3
67720	4
68005	10
7062	3
7065	3
71773	3
72214	4
72535	7
72646	6
73318	3
74113	5
74440	4
74461	4
74506	4
74575	5
7531	3
77053	3
7816	3
79459	3
80509	3
81286	3
81967	3
82570	8
82576	3
82909	3
83053	4
83161	11
83239	5
83269	7
83296	13
8334	3
85087	3
85099	14
8569	3
8622	3
86227	3
8651	3
86524	6
86635	3
86986	9
8797	3
88123	8
8856	3
8876	3
89647	3
89785	4
89860	6
89956	4
90175	3
90529	4
9306	3
93499	4
9420	3
94594	4
9466	3
94702	3
95116	3
96022	5
96229	3
9837	3
99151	10
9935	3
9939	3
9947	3
9955	3
9957	3
9960	3
9964	3
9969	3
9970	3
99703	8
9974	3
99826	3
9984	8
353908	0
360154	2
434521	6
434680	1
438988	1
439339	1
440875	1
441220	1
441313	1
441988	0
442315	4
443053	1
448318	0
450202	1
450934	1
451282	1
454864	1
456136	3
456610	3
457306	1
457402	1
457513	8
457540	1
457807	1
459658	7
459703	1
462031	2
462100	1
462427	1
464095	1
464302	1
464308	1
464596	1
465544	1
466489	0
470395	5
471691	0
472132	0
473125	1
474844	0
474934	0
475495	4
477349	6
478150	0
479065	0
480430	0
481537	0
481615	1
481915	0
483646	1
484741	0
485494	0
486970	0
487048	0
488629	0
488647	0
490372	8
490714	0
491413	1
495238	0
195628	1
266986	3
292978	3
323323	2
328258	1
358516	1
360388	2
368584	2
372106	2
372769	1
373738	4
375187	2
375412	2
379765	2
380335	9
380977	6
380992	2
383497	2
385192	5
385966	2
387100	2
387271	2
389947	5
390151	1
390763	2
391438	3
392131	2
394540	3
394870	2
396889	2
396991	2
397540	1
398719	4
399073	1
399982	2
400135	3
400249	1
400252	1
400321	1
400441	1
401326	5
403516	4
403591	1
404662	2
405400	2
405838	2
407161	3
407596	3
407884	1
409177	2
409288	10
410122	1
411604	1
411883	1
412507	1
412837	2
412939	2
414157	2
414238	3
414337	5
416305	1
416434	1
417418	1
417493	1
418228	2
418567	8
419017	1
419140	1
421444	1
421768	3
422824	1
424300	1
424315	4
424765	4
425476	1
425578	9
425632	2
425665	7
426400	4
426652	1
428317	5
428509	4
428962	1
429088	1
430036	4
430114	1
430465	2
430651	2
430672	1
431023	1
431053	1
431101	3
431368	2
431620	1
431686	3
431728	1
432133	1
432247	2
432535	1
432754	1
432757	1
432814	1
432835	1
432859	3
432904	1
432922	2
432931	1
433045	1
433303	1
433423	1
433612	1
433705	1
433711	1
433717	1
433819	1
433873	1
433891	1
434005	2
434017	1
434164	1
434230	1
434476	1
434557	1
434812	1
434860	2
434872	3
435100	1
435388	2
435568	1
435586	3
435628	1
435787	5
435823	1
438109	1
398833	0
480595	0
489847	0
492076	0
495859	1
502702	0
515875	0
518176	0
531859	2
534628	0
534727	2
540892	2
547363	0
552511	0
554842	1
554986	2
555034	0
555466	0
556150	0
558124	0
565348	1
569029	0
569110	0
571549	0
571993	0
524680	0
528508	0
552013	0
569410	0
570601	3
